116014	121913	126806	128483	127478	128032	126375	125835	123898	120308	116756	115533	112705	108553	105608	102678	99730	99091	99147	100699	98890	95885	94924	93520	92528	93852	95678	96041	94916
106723	107046	106294	108966	115808	119331	125239	130512	132788	132013	132200	130786	130717	127297	124236	122334	121432	118360	115186	113683	110215	106047	105033	104586	104588	103861	102426	102010	101636
102654	104034	104741	107299	107508	108670	108755	108056	110977	117936	121639	127455	132502	133412	132324	132959	131748	131405	130128	127531	125271	123438	119697	116000	112959	109401	105589	104885	105026
115214	112489	109940	105176	103187	103121	104381	105003	107626	107777	109002	108928	108100	110336	117071	120893	126649	131582	134000	133454	134003	132579	132106	129989	126514	124287	122911	119500	116102
121601	118824	118217	119113	119711	118792	116130	113576	108535	106432	106249	107436	108264	107408	108156	110609	111267	110602	113468	120949	123942	128245	132675	134034	132902	133493	132046	131825	129956
147751	146404	143986	140995	135450	131308	128973	129020	130263	130968	129285	126761	126255	119975	117737	118231	119976	121991	126755	132022	131299	127132	123056	124013	129304	132504	137243	142427	143758
152133	154828	155296	155608	155684	154906	154607	152953	151047	146312	141827	138964	139579	138293	139648	141464	141031	141491	139144	142676	143048	141947	140686	141262	138954	137847	135596	132378	133775
130423	137016	143278	147994	151809	155495	158467	159515	161001	162187	162037	161663	160129	154963	149879	147117	145884	147400	149911	155109	156318	154097	152252	147408	144959	143795	143553	142776	143661
104452	113672	117088	121914	127357	132331	138535	144845	149792	153861	157640	160573	161909	160889	161981	161997	162499	161229	158996	155764	152995	150678	151213	152691	154320	154460	152466	150641	145974
64792	65353	74612	84040	92899	105077	113906	117197	122140	127638	132445	138536	144727	147831	151609	155343	158246	159593	160849	162905	163237	163002	161122	158312	153194	149607	147517	148095	149811
59522	63409	65828	66585	66989	64130	64546	73673	82934	91772	103766	112423	115719	117357	123183	128179	134543	140806	145713	149604	152721	155424	156561	157789	158734	158465	158202	156386	153908
49910	50531	50580	51736	54818	57559	61248	63558	64250	64589	61934	62358	71321	78448	87099	98576	107015	110336	114878	120448	124822	130717	136379	140813	144316	147860	150315	151320	152528
41095	42376	43111	44040	45026	46606	47365	47409	48562	51499	54023	57690	59769	58848	59623	57287	57981	66682	75256	83709	94796	102799	105781	110241	115217	119660	125130	130589	134928
29391	30427	31793	33415	35045	36600	37736	38577	39556	40484	42153	42805	42764	42892	45775	48270	51720	53773	54560	55350	53321	54115	62372	70525	78285	88697	96349	99351	103758
20513	21013	21579	22123	22938	23848	24993	26522	28188	29691	31122	31911	32621	32055	33149	34907	35870	36184	37508	40357	42887	46135	47890	48663	49438	47779	48691	56463	64029
13899	13879	13987	14091	14296	14624	14874	15296	15707	16561	17604	18975	20493	18112	20270	21812	23179	24370	25589	26745	28214	29123	29715	31164	33753	36126	38976	40524	41288
7028	7632	8075	8375	8565	8609	8561	8541	8614	8710	8872	9309	9929	10018	10562	11046	11601	12312	13200	14518	15532	16558	17496	18572	19515	20932	21884	22400	23779
3176	3463	3853	4270	4613	4981	5327	5663	5938	6067	6113	6452	6792	6714	7121	7437	7871	8270	8704	9209	9622	10249	11088	11922	12930	14002	14954	15934	17005
108035	113605	118945	120288	119544	120057	118773	117424	116174	112306	108949	107458	105093	101350	99211	96851	94749	94535	94742	97089	95542	92364	91749	89775	88841	89723	91482	91612	90612
98905	98761	98430	101393	108016	111252	117031	122799	124652	124136	124374	123291	122475	119747	116281	114903	113772	111181	108436	107752	105460	102072	101291	101118	101202	100591	99083	98565	97430
95822	97121	97429	99399	99524	100914	100567	100332	103466	110255	113713	119517	125190	125712	124959	125594	124734	123887	123668	121097	119031	117098	113623	110244	107837	104987	101906	101368	101504
108091	105668	103391	98909	96815	96777	97998	98426	100655	100823	102284	101975	101587	103738	110346	114028	119898	125716	128856	129321	129747	128159	126755	125077	120823	118615	116860	113473	110418
117386	115835	116588	118754	119541	118633	115634	113188	108725	106600	105987	107200	108049	108004	107061	108342	108364	107883	111917	120804	123248	126824	131831	132855	131016	130634	128808	127247	125560
143189	143436	142504	140794	137814	135702	134508	135749	138254	139249	137876	135993	136465	130903	128976	129568	131683	132532	136359	142286	141340	135474	131526	131602	136355	138526	142745	147771	147873
146190	149194	150733	152122	153650	153919	154488	153820	153056	150555	148463	147726	149605	149011	150841	151950	152220	152962	150673	154564	155639	155608	154710	155608	153333	152772	149948	146962	147622
125570	132175	138410	143785	148324	151939	154799	156429	158207	160102	160584	161215	160624	155680	153029	152036	152319	154573	157332	162202	163706	162064	161718	158095	157070	157272	158445	158180	160059
101611	110538	113914	118404	123426	128663	135151	141414	146963	151380	154780	157423	158954	157393	159076	159475	160518	159820	158367	157219	156446	155936	157610	159890	161703	162295	160979	160843	157666
63647	63651	72772	82292	90865	103009	111862	115228	119723	124644	129756	136033	142011	144960	149062	152203	154612	155959	157229	159592	160222	160989	159803	158024	155339	153806	153666	155362	158027
58570	63081	66074	66814	66821	63936	63951	72903	82406	90966	102891	111419	114648	115823	120927	125989	132451	138414	143476	147779	150323	152706	153815	155199	156769	156626	157396	156428	155057
50192	50866	50648	51944	55309	57972	62504	65445	66084	66042	63127	63091	71854	79446	87689	99227	107586	110647	114478	119499	123874	129961	135438	140256	144076	147203	149276	150358	151862
41926	43353	44282	45023	46282	48721	49426	49357	50617	53871	56480	60816	63669	62876	63113	60288	60261	68819	77905	85987	97199	105361	108215	111913	116285	120833	126723	132062	136760
30505	31561	33212	35106	37394	39491	40853	41748	42562	43907	46152	46871	46823	46991	50232	52818	57117	59984	60625	60908	58190	58281	66507	75292	82913	93728	101671	104618	108343
24534	24855	25208	25865	26345	26749	27965	29654	31669	33901	35826	37137	38021	37947	39336	41638	42447	42447	43799	47071	49731	53938	56524	57083	57377	54852	55105	63031	71517
18437	18597	18815	18877	19110	19554	19783	20145	20716	21390	22040	23526	25337	24751	27605	29789	31234	32362	33412	34745	36964	37786	37960	39455	42541	45085	48979	51429	52039
10498	11225	11956	12575	12895	13080	13189	13318	13481	13635	14004	14588	15284	15765	16302	16833	17842	19207	20682	22625	24307	25587	26619	27627	28903	30853	31672	31941	33324
6469	6876	7378	7982	8494	9136	9630	10273	10792	11115	11410	12065	12960	13393	14189	15143	15845	16677	17711	18604	19619	20873	22465	24134	25946	27661	29289	31001	32772