23192	24365	25336	25673	25482	25595	25274	25173	24791	24076	23370	23126	22563	21734	21145	20560	19973	19842	19829	20140	19778	19177	18985	18704	18506	18770	19136	19208	18983
23157	24310	25260	25601	25438	25563	25269	25190	24824	24120	23427	23182	22630	21804	21214	20633	20053	19913	19869	20172	19806	19202	19010	18731	18536	18795	19153	19223	19000
23042	24126	25007	25360	25294	25456	25255	25248	24934	24264	23618	23371	22852	22035	21444	20876	20321	20151	20027	20300	19918	19302	19110	18841	18655	18894	19219	19282	19066
22813	23759	24500	24878	25006	25241	25227	25363	25153	24553	23999	23747	23297	22498	21904	21361	20857	20627	20423	20621	20197	19553	19359	19114	18953	19141	19386	19429	19232
22469	23208	23740	24155	24574	24919	25185	25536	25482	24987	24571	24312	23964	23192	22594	22089	21661	21341	21057	21134	20645	19955	19759	19551	19429	19536	19652	19665	19497
22076	22581	22878	23334	24077	24545	25124	25714	25838	25467	25211	24949	24721	23983	23382	22923	22580	22160	21809	21743	21176	20431	20233	20070	19995	20006	19969	19945	19813
21715	22018	22112	22604	23611	24179	25014	25795	26077	25842	25740	25500	25396	24703	24105	23694	23426	22928	22480	22290	21661	20876	20669	20535	20492	20415	20243	20188	20086
21435	21614	21587	22102	23220	23832	24783	25633	26027	25957	25991	25836	25863	25241	24665	24311	24089	23564	23023	22748	22089	21298	21063	20921	20872	20717	20441	20364	20286
21220	21356	21295	21820	22871	23462	24362	25136	25598	25754	25920	25942	26129	25623	25095	24816	24612	24124	23551	23218	22573	21828	21525	21312	21198	20952	20586	20494	20436
21031	21183	21153	21678	22516	23031	23746	24324	24827	25281	25593	25881	26269	25927	25471	25290	25084	24687	24181	23797	23195	22540	22129	21791	21559	21196	20727	20622	20586
20863	21052	21075	21590	22154	22572	23050	23383	23916	24691	25152	25739	26339	26180	25813	25743	25530	25250	24882	24446	23902	23357	22817	22326	21951	21456	20876	20757	20746
20764	20975	21039	21519	21829	22154	22421	22538	23094	24128	24709	25539	26305	26311	26050	26086	25892	25734	25482	25008	24518	24066	23427	22812	22315	21712	21044	20907	20907
20818	21005	21065	21452	21571	21822	21960	21946	22514	23655	24292	25228	26047	26177	26062	26200	26083	26059	25889	25408	24976	24586	23911	23232	22656	21995	21293	21122	21100
21078	21177	21174	21379	21361	21554	21649	21594	22162	23230	23850	24730	25467	25683	25785	26033	26085	26224	26132	25691	25340	24984	24362	23690	23073	22418	21752	21511	21407
21527	21478	21360	21293	21167	21304	21419	21388	21948	22796	23338	24030	24571	24854	25253	25630	25939	26284	26322	25960	25723	25388	24889	24271	23630	23019	22444	22096	21853
22056	21835	21584	21214	20992	21075	21231	21249	21790	22357	22796	23248	23548	23888	24612	25124	25720	26285	26504	26237	26132	25816	25471	24927	24265	23718	23256	22781	22372
22547	22174	21811	21193	20900	20934	21118	21171	21670	21975	22317	22556	22645	23021	24010	24635	25468	26205	26606	26441	26453	26167	25963	25490	24817	24328	23963	23389	22844
22936	22461	22041	21313	20997	20991	21155	21202	21599	21707	21971	22080	22045	22415	23524	24210	25152	25950	26499	26463	26569	26350	26275	25875	25214	24787	24481	23872	23254
23249	22722	22310	21631	21352	21309	21391	21376	21580	21549	21747	21815	21747	22058	23115	23807	24709	25434	26030	26213	26407	26333	26411	26113	25506	25161	24878	24320	23706
23537	22992	22638	22138	21946	21867	21808	21681	21600	21457	21593	21683	21653	21855	22722	23376	24119	24658	25229	25734	26031	26184	26465	26308	25792	25562	25281	24843	24281
23837	23287	23010	22740	22649	22530	22308	22051	21653	21412	21486	21621	21655	21723	22343	22941	23476	23787	24265	25147	25558	25981	26491	26497	26091	25994	25710	25422	24930
24181	23635	23423	23346	23326	23162	22796	22432	21776	21464	21479	21645	21735	21667	22053	22591	22942	23057	23487	24680	25179	25807	26490	26632	26335	26355	26084	25935	25512
24662	24132	23945	23960	23928	23704	23245	22834	22067	21733	21696	21847	21961	21750	21951	22431	22669	22679	23111	24481	25003	25689	26409	26633	26457	26573	26360	26344	25990
25386	24891	24684	24673	24521	24206	23707	23321	22615	22323	22230	22306	22407	22024	22077	22493	22695	22702	23237	24631	25085	25618	26177	26426	26431	26640	26579	26727	26468
26381	25939	25672	25540	25172	24734	24231	23928	23423	23226	23072	23015	23074	22477	22395	22733	22954	23037	23711	25037	25351	25564	25799	26040	26305	26623	26807	27176	27048
27487	27109	26770	26482	25863	25292	24801	24603	24353	24268	24047	23835	23841	23017	22808	23063	23324	23514	24334	25557	25697	25511	25347	25570	26136	26577	27051	27674	27695
28474	28165	27771	27353	26529	25853	25382	25274	25243	25240	24952	24601	24562	23558	23253	23441	23733	24016	24890	26020	26016	25504	25011	25217	26018	26551	27252	28068	28216
29174	28950	28547	28073	27168	26453	26016	25951	26037	26035	25676	25229	25170	24094	23760	23916	24208	24538	25340	26399	26314	25623	24947	25140	26025	26579	27364	28230	28458
29605	29498	29144	28704	27862	27191	26807	26732	26818	26717	26270	25769	25721	24702	24420	24584	24836	25160	25777	26771	26677	25977	25288	25466	26227	26701	27375	28087	28348
29875	29924	29669	29336	28676	28116	27810	27682	27677	27386	26829	26300	26289	25432	25271	25476	25651	25929	26299	27220	27159	26560	25960	26123	26600	26910	27323	27716	27988
30063	30286	30155	29961	29535	29117	28899	28705	28575	28063	27391	26847	26880	26225	26207	26462	26546	26762	26881	27719	27711	27255	26788	26932	27052	27160	27245	27245	27519
30136	30524	30525	30471	30268	29994	29864	29619	29386	28696	27938	27393	27458	26972	27061	27346	27346	27509	27397	28171	28208	27870	27513	27628	27448	27386	27200	26874	27149
29976	30512	30656	30738	30720	30583	30545	30291	30022	29271	28498	27974	28041	27630	27728	27989	27926	28063	27809	28557	28629	28356	28062	28115	27746	27577	27238	26728	27000
29494	30177	30499	30730	30874	30889	30956	30748	30524	29853	29151	28686	28713	28268	28251	28415	28306	28450	28197	28969	29072	28802	28522	28437	27990	27776	27418	26886	27146
28708	29551	30100	30508	30814	31008	31205	31090	30978	30504	29952	29577	29529	28961	28720	28720	28572	28749	28653	29487	29626	29319	29022	28723	28251	28024	27728	27272	27512
27779	28791	29584	30179	30648	31033	31372	31373	31404	31176	30807	30539	30404	29681	29178	28989	28807	29024	29158	30070	30248	29889	29565	29011	28532	28304	28102	27759	27975
26868	28036	29031	29790	30404	30960	31433	31555	31727	31730	31537	31375	31172	30323	29606	29259	29055	29300	29606	30563	30764	30361	30019	29267	28793	28565	28438	28189	28372
26011	27307	28411	29280	30006	30688	31282	31536	31834	32019	31982	31922	31702	30807	30008	29583	29380	29617	29961	30877	31059	30627	30294	29471	29033	28817	28723	28524	28639
25102	26511	27616	28542	29355	30124	30837	31255	31680	32009	32123	32175	31999	31159	30433	30020	29850	30031	30292	31016	31108	30663	30383	29662	29324	29139	29021	28821	28793
24051	25573	26597	27545	28433	29268	30115	30738	31306	31766	32043	32228	32150	31447	30924	30594	30486	30568	30677	31072	31009	30558	30371	29886	29708	29575	29393	29157	28909
22910	24539	25452	26412	27375	28274	29261	30105	30821	31408	31855	32183	32227	31699	31431	31218	31184	31152	31104	31103	30854	30397	30322	30134	30148	30076	29811	29526	29018
21784	23475	24308	25291	26327	27304	28422	29448	30292	30992	31588	32052	32222	31865	31837	31742	31782	31657	31467	31146	30747	30293	30306	30356	30515	30485	30151	29830	29119
20653	22302	23136	24179	25298	26395	27626	28745	29674	30463	31168	31753	32054	31850	32008	32027	32139	31979	31710	31233	30766	30330	30378	30542	30735	30700	30322	29999	29214
19354	20821	21764	22922	24146	25436	26772	27881	28853	29713	30492	31195	31652	31601	31901	32046	32239	32109	31845	31416	30986	30601	30612	30733	30799	30686	30288	30014	29331
17778	18936	20083	21412	22769	24332	25777	26796	27783	28707	29541	30374	31023	31141	31567	31861	32150	32105	31941	31700	31383	31079	31001	30968	30778	30520	30114	29933	29489
16087	16887	18271	19786	21281	23135	24686	25588	26580	27570	28456	29427	30279	30573	31118	31572	31966	32033	32028	32034	31863	31657	31466	31232	30725	30293	29882	29814	29668
14597	15089	16662	18312	19898	21957	23571	24385	25395	26451	27405	28503	29523	29964	30617	31214	31711	31895	32064	32284	32242	32125	31846	31453	30694	30123	29713	29734	29830
13552	13872	15504	17161	18728	20778	22354	23165	24228	25361	26429	27637	28741	29265	30010	30714	31313	31622	31960	32329	32391	32354	32045	31586	30721	30090	29696	29753	29965
12933	13228	14763	16262	17663	19431	20831	21749	22919	24152	25410	26720	27812	28351	29180	29962	30675	31138	31605	32071	32232	32289	32031	31629	30847	30261	29911	29932	30104
12574	12957	14263	15460	16561	17802	18901	20023	21353	22715	24244	25662	26667	27169	28085	28928	29780	30436	31012	31563	31842	32020	31875	31622	31063	30599	30321	30254	30276
12312	12825	13847	14684	15435	16056	16806	18165	19669	21166	22985	24507	25399	25847	26853	27758	28759	29621	30301	30939	31349	31665	31661	31598	31323	31015	30822	30642	30468
12078	12700	13459	13976	14425	14512	14965	16512	18140	19725	21750	23334	24142	24558	25652	26630	27768	28799	29627	30342	30865	31305	31431	31535	31506	31339	31225	30957	30627
11829	12493	13054	13362	13635	13420	13705	15312	16942	18504	20526	22071	22878	23325	24505	25594	26843	27959	28949	29725	30329	30873	31119	31355	31501	31453	31411	31112	30714
11527	12151	12569	12780	13015	12752	13014	14525	15996	17390	19139	20512	21424	21988	23263	24527	25870	26975	28038	28874	29537	30189	30576	30931	31199	31278	31322	31069	30721
11149	11666	11968	12158	12458	12341	12689	13972	15143	16236	17472	18551	19660	20422	21809	23319	24753	25769	26783	27689	28408	29194	29767	30259	30643	30881	31036	30889	30676
10734	11117	11315	11514	11918	12022	12499	13498	14313	15055	15686	16424	17763	18748	20249	22020	23538	24439	25336	26322	27100	28034	28821	29462	29967	30384	30667	30652	30612
10342	10606	10719	10932	11426	11734	12320	13057	13557	13994	14104	14550	16071	17226	18799	20754	22316	23130	24020	25079	25923	26989	27948	28716	29325	29895	30293	30400	30514
9996	10188	10250	10471	11005	11436	12067	12608	12902	13162	12973	13257	14832	16024	17569	19513	21031	21839	22867	23996	24938	26103	27147	27995	28682	29355	29849	30071	30306
9659	9827	9878	10097	10613	11085	11683	12084	12284	12503	12262	12523	13998	15059	16445	18128	19481	20385	21585	22801	23921	25170	26192	27073	27821	28554	29150	29509	29858
9293	9472	9538	9751	10200	10652	11156	11444	11626	11906	11796	12144	13388	14173	15279	16477	17551	18643	19943	21278	22666	24006	24934	25823	26636	27413	28135	28677	29159
8906	9110	9203	9407	9771	10178	10562	10751	10944	11325	11420	11895	12853	13306	14084	14712	15465	16775	18084	19554	21257	22697	23498	24388	25270	26091	26954	27705	28333
8531	8758	8880	9079	9367	9731	10008	10116	10326	10795	11078	11661	12355	12514	13010	13146	13623	15105	16467	18033	19969	21474	22182	23082	24030	24900	25888	26809	27561
8169	8409	8556	8757	9002	9337	9547	9608	9828	10336	10737	11361	11860	11833	12160	12015	12335	13867	15285	16845	18818	20304	20998	21935	22946	23898	24982	25988	26818
7771	8014	8184	8400	8634	8955	9137	9191	9411	9902	10346	10936	11297	11197	11479	11282	11575	13010	14382	15782	17497	18826	19624	20653	21747	22855	24022	25012	25875
7301	7538	7734	7975	8225	8539	8724	8797	9013	9440	9874	10366	10620	10525	10853	10779	11142	12352	13467	14571	15784	16833	17833	19008	20216	21562	22823	23727	24600
6796	7021	7245	7513	7788	8100	8297	8403	8613	8958	9360	9728	9888	9830	10239	10355	10826	11760	12496	13241	13839	14550	15797	17145	18484	20109	21473	22261	23138
6325	6540	6784	7073	7368	7677	7888	8026	8233	8506	8875	9132	9217	9194	9674	9966	10528	11210	11636	12083	12174	12606	14046	15522	16954	18785	20218	20921	21808
5927	6129	6378	6672	6972	7273	7493	7659	7870	8101	8445	8630	8672	8667	9176	9579	10178	10674	10957	11235	11047	11326	12831	14325	15757	17616	19037	19726	20646
5563	5749	5986	6262	6550	6834	7060	7253	7478	7698	8026	8177	8211	8202	8693	9138	9710	10080	10332	10585	10380	10648	12045	13393	14680	16300	17576	18359	19357
5186	5351	5561	5800	6061	6321	6548	6770	7020	7253	7569	7712	7765	7735	8169	8605	9097	9376	9607	9922	9865	10212	11366	12432	13449	14607	15622	16587	17711
4799	4941	5117	5310	5537	5770	5997	6247	6526	6780	7085	7232	7316	7256	7617	8026	8416	8617	8807	9219	9376	9838	10686	11406	12096	12688	13386	14576	15847
4443	4563	4707	4859	5053	5260	5484	5755	6053	6326	6620	6775	6890	6797	7096	7477	7777	7917	8104	8593	8927	9481	10069	10499	10918	11043	11479	12842	14221
4142	4242	4361	4481	4648	4831	5044	5318	5619	5898	6181	6347	6490	6357	6626	6986	7229	7337	7565	8088	8525	9116	9532	9787	10050	9917	10206	11626	13016
3869	3950	4048	4143	4285	4446	4637	4892	5170	5440	5711	5893	6065	5879	6152	6497	6720	6828	7103	7604	8059	8617	8941	9139	9378	9225	9496	10809	12062
3588	3647	3724	3799	3915	4052	4210	4427	4661	4909	5165	5369	5574	5318	5623	5957	6184	6318	6590	7029	7454	7925	8187	8393	8687	8664	8994	10073	11065
3297	3335	3392	3448	3537	3649	3769	3940	4122	4343	4582	4809	5048	4717	5064	5388	5629	5798	6030	6391	6766	7127	7334	7573	7952	8117	8539	9325	9999
3024	3045	3087	3127	3194	3283	3369	3497	3630	3824	4045	4290	4556	4167	4547	4859	5111	5310	5529	5823	6155	6424	6586	6850	7297	7619	8113	8651	9057
2776	2791	2826	2858	2909	2980	3041	3136	3234	3403	3604	3852	4126	3723	4109	4402	4655	4870	5112	5366	5668	5880	6017	6294	6769	7181	7704	8078	8323
2524	2549	2586	2618	2661	2718	2760	2831	2905	3047	3221	3453	3715	3351	3710	3975	4213	4426	4689	4930	5209	5402	5535	5810	6262	6691	7186	7473	7666
2243	2288	2336	2373	2413	2457	2484	2535	2591	2703	2842	3042	3274	2994	3297	3522	3731	3931	4170	4413	4672	4863	5008	5269	5661	6062	6487	6718	6918
1946	2016	2078	2123	2162	2194	2208	2239	2281	2360	2462	2623	2818	2640	2876	3057	3232	3412	3588	3840	4077	4274	4434	4678	4993	5349	5685	5867	6096
1675	1768	1842	1895	1934	1957	1961	1977	2007	2058	2127	2254	2414	2327	2503	2643	2788	2948	3088	3344	3561	3762	3936	4164	4414	4732	4993	5135	5388
1458	1562	1644	1703	1744	1763	1765	1775	1799	1832	1877	1980	2114	2087	2220	2333	2456	2601	2737	2989	3190	3389	3571	3787	3998	4288	4502	4624	4889
1278	1382	1467	1531	1575	1599	1607	1621	1646	1670	1701	1790	1906	1905	2016	2111	2221	2352	2504	2738	2918	3109	3292	3499	3694	3967	4163	4285	4548
1107	1202	1286	1355	1406	1440	1462	1486	1517	1539	1564	1644	1746	1750	1848	1933	2035	2153	2296	2498	2654	2829	3009	3205	3399	3656	3847	3985	4237
940	1022	1104	1178	1235	1283	1321	1360	1399	1422	1441	1516	1605	1604	1696	1772	1869	1973	2085	2248	2376	2533	2708	2893	3090	3330	3521	3682	3920
797	868	948	1026	1089	1148	1201	1254	1300	1324	1339	1410	1485	1482	1568	1639	1731	1824	1907	2039	2143	2284	2455	2630	2830	3057	3248	3426	3652
702	765	844	925	991	1059	1121	1183	1234	1259	1271	1339	1402	1400	1483	1549	1638	1724	1796	1908	1997	2128	2297	2466	2667	2886	3077	3267	3485
654	714	792	874	943	1014	1081	1147	1201	1226	1237	1304	1358	1359	1441	1505	1592	1674	1752	1855	1939	2066	2234	2400	2602	2817	3008	3203	3418
640	698	776	859	928	1000	1069	1137	1191	1216	1226	1294	1343	1347	1428	1491	1579	1659	1741	1842	1924	2050	2218	2384	2586	2800	2991	3187	3401
